os,cpu,gpu,ram,kernel,driver
Manjaro Linux,Intel Xeon CPU E3-1240 v3 @ 3.40GHz,Radeon RX 470/480/570/570X/580/580X/590,16333868,5.7.9-1-MANJARO,4.6 Mesa 20.2.0-devel
84.3148,29,93,4278
84.2501,29,93,104358
84.2617,29,93,204434
84.1447,30,97,304515
84.1684,30,97,404580
84.0063,30,97,504649
84.0217,30,97,604726
83.8981,30,97,704794
84.1447,29,97,804872
83.9499,29,97,904941
83.8762,29,97,1005009
83.87,29,97,1105075
83.8494,29,97,1205145
83.8976,29,93,1305206
84.0096,29,93,1405288
84.2138,29,93,1505355
84.2158,29,93,1605434
84.281,29,93,1705507
84.6979,31,96,1805569
84.3531,31,96,1905648
84.3795,31,96,2005714
84.3446,31,96,2105812
84.2902,31,96,2205880
84.2318,30,92,2305964
84.2085,30,92,2406038
84.0288,30,92,2506106
83.7261,30,92,2606169
83.717,30,92,2706232
83.2972,30,92,2806313
83.7772,30,92,2906382
83.8079,30,92,3006446
83.8975,30,92,3106534
83.8596,30,92,3206602
83.8265,29,93,3306685
83.961,29,93,3406748
84.0253,29,93,3506813
83.9924,29,93,3606909
84.0497,29,93,3707080
72.1007,36,92,3807159
84.138,36,92,3907231
84.2193,36,92,4007298
84.0918,36,92,4107364
84.0663,36,92,4207435
83.3033,38,98,4307499
83.7556,38,98,4407576
83.596,38,98,4507639
83.4844,38,98,4607704
83.5595,38,98,4707774
83.0657,30,95,4807844
83.6873,30,95,4907908
83.8849,30,95,5007977
83.7829,30,95,5108048
83.7766,30,95,5208119
83.0404,31,96,5308185
83.7533,31,96,5408251
83.9025,31,96,5508318
84.1015,31,96,5608386
84.1083,31,96,5708450
83.1532,29,96,5808528
84.0741,29,96,5908607
84.1542,29,96,6008670
84.1488,29,96,6108754
84.2673,29,96,6208818
84.9185,31,97,6308901
83.8392,31,97,6408970
83.8571,31,97,6509046
83.8736,31,97,6609121
83.9814,31,97,6709183
84.9113,32,98,6809267
75.9718,32,98,6909331
82.5855,32,98,7009398
82.9436,32,98,7109468
83.1611,32,98,7209560
84.3811,29,98,7309634
84.3202,29,98,7409702
84.2322,29,98,7509775
70.3824,29,98,7609838
76.9545,29,98,7709910
78.4943,34,98,7809974
84.2381,34,98,7910052
84.0112,34,98,8010116
84.0138,34,98,8110194
83.9568,34,98,8210267
83.996,31,95,8310332
83.866,31,95,8410401
84.0274,31,95,8510440
83.9473,31,95,8610517
83.9552,31,95,8710597
83.8881,33,95,8810661
84.0218,33,95,8910739
83.9369,33,95,9010810
83.9369,33,95,9110911
83.9369,33,95,9210980
83.9369,33,95,9311058
83.9369,33,95,9411124
83.9369,33,95,9511201
83.9369,33,95,9611270
21.2383,16,95,9711332
14.6323,16,95,9811398
14.6323,16,95,9911481
14.6323,16,95,10011565
14.6323,16,95,10111656
14.6323,16,95,10211728
51.2138,16,99,10311790
63.908,16,99,10411857
62.126,16,99,10511920
69.4736,16,99,10611989
70.6226,16,99,10712050
74.4865,37,98,10812111
75.0397,37,98,10912186
75.3838,37,98,11012253
75.2108,37,98,11112316
75.6406,37,98,11212386
76.7033,37,97,11312464
76.2851,37,97,11412524
76.6268,37,97,11512597
76.858,37,97,11612661
76.8459,37,97,11712735
77.8917,35,95,11812799
63.9091,35,95,11912869
74.2283,35,95,12012940
75.046,35,95,12113007
75.504,35,95,12213077
76.5482,41,97,12313140
77.094,41,97,12413208
77.0568,41,97,12513273
77.1387,41,97,12613334
77.1362,41,97,12713405
77.995,41,97,12813470
76.6924,41,97,12913557
76.091,41,97,13013626
75.9871,41,97,13113686
75.8459,41,97,13213774
76.4117,32,95,13313835
75.4865,32,95,13413897
75.5146,32,95,13513961
75.2541,32,95,13614030
75.2433,32,95,13714106
75.7002,31,96,13814172
75.0863,31,96,13914235
74.8006,31,96,14014298
74.7864,31,96,14114361
74.7245,31,96,14214424
75.4148,32,98,14314518
74.4916,32,98,14414583
74.4636,32,98,14514660
74.6928,32,98,14614734
74.7114,32,98,14714794
75.2332,30,98,14814861
75.2431,30,98,14914922
75.062,30,98,15015000
74.9547,30,98,15115063
75.0378,30,98,15215124
74.9739,31,93,15315188
75.2835,31,93,15415260
74.9854,31,93,15515338
75.0134,31,93,15615407
74.9228,31,93,15715474
74.8739,33,97,15815544
74.9754,33,97,15915619
74.7783,33,97,16015684
74.6367,33,97,16115749
74.5847,33,97,16215812
74.5307,33,97,16315888
74.2878,34,97,16415965
74.4052,34,97,16516026
74.6404,34,97,16616102
74.6445,34,97,16716168
74.6549,34,97,16816227
75.061,34,96,16916295
74.8762,34,96,17016358
74.8026,34,96,17116426
74.7185,34,96,17216487
74.7303,34,96,17316555
74.9681,34,93,17416614
74.6132,34,93,17516683
74.5946,34,93,17616747
74.5151,34,93,17716834
74.4906,34,93,17816899
74.2487,31,96,17916965
74.3126,31,96,18017039
74.3131,31,96,18117098
74.3149,31,96,18217160
74.3247,31,96,18317221
74.0261,33,100,18417290
74.2802,33,100,18517353
74.6107,33,100,18617419
74.6809,33,100,18717480
74.7752,33,100,18817545
74.4158,34,100,18917608
74.5167,34,100,19017679
74.7055,34,100,19117742
74.6278,34,100,19217812
74.6005,34,100,19317883
74.4907,32,94,19417944
74.6586,32,94,19518024
74.3797,32,94,19618090
74.4138,32,94,19718153
74.4119,32,94,19818217
73.5889,35,97,19918293
74.1546,35,97,20018361
74.4124,35,97,20118422
74.4232,35,97,20218487
74.3619,35,97,20318550
75.1089,31,98,20418611
74.3515,31,98,20518675
74.574,31,98,20618746
74.4672,31,98,20718824
74.32,31,98,20818892
74.2569,29,97,20918957
74.118,29,97,21019018
74.1744,29,97,21119082
74.2819,29,97,21219161
74.2308,29,97,21319230
74.2036,29,97,21419293
73.9707,31,95,21519359
73.897,31,95,21619421
73.8137,31,95,21719497
73.8363,31,95,21819570
73.8092,31,95,21919636
73.6612,30,91,22019719
73.7518,30,91,22119782
73.7714,30,91,22219863
73.8201,30,91,22319929
73.9572,30,91,22419995
77.9788,32,96,22520056
78.8,32,96,22620124
79.733,32,96,22720191
80.0141,32,96,22820273
80.2292,32,96,22920337
81.2229,33,96,23020401
87.8894,33,96,23120436
91.1885,33,96,23220498
93.0711,33,96,23320562
94.0677,33,96,23420644
96.8085,34,97,23520707
97.8652,34,97,23620769
97.9597,34,97,23720841
96.4747,34,97,23820930
94.9129,34,97,23921008
89.4554,36,97,24021068
87.6843,36,97,24121158
87.6843,36,97,24221223
87.6843,36,97,24321289
37.9895,36,97,24421354
81.8615,20,96,24521426
81.215,20,96,24621486
81.081,20,96,24721555
81.2704,20,96,24821624
81.3637,20,96,24921691
81.1908,33,97,25021753
81.1935,33,97,25121821
80.8267,33,97,25221884
80.6635,33,97,25321952
80.6304,33,97,25422025
80.7885,31,96,25522091
80.4564,31,96,25622159
80.2077,31,96,25722252
80.2392,31,96,25822318
80.2546,31,96,25922386
81.3107,32,97,26022461
80.2884,32,97,26122538
80.484,32,97,26222616
80.4261,32,97,26322681
80.3927,32,97,26422744
77.2678,33,97,26522807
78.2833,33,97,26622880
78.572,33,97,26722948
78.6475,33,97,26823023
78.5911,33,97,26923088
78.5327,33,98,27023154
78.5654,33,98,27123217
78.582,33,98,27223279
78.5929,33,98,27323346
78.5359,33,98,27423457
78.5284,33,98,27523512
78.2464,31,97,27623555
78.4383,31,97,27723617
78.4814,31,97,27823682
78.3667,31,97,27923760
78.4274,31,97,28023826
78.5026,31,97,28123887
78.5048,31,97,28223948
78.4848,31,97,28324009
78.3795,31,97,28424070
78.4024,31,97,28524132
78.4283,31,97,28625469
78.5405,31,97,28725540
78.3956,31,97,28825604
78.417,31,97,28925669
78.4247,31,97,29025750
78.4609,31,97,29125835
78.4683,31,97,29225902
78.4742,31,97,29325969
78.383,31,97,29426049
78.4473,31,97,29526115
78.1235,32,96,29626183
78.4888,32,96,29726258
78.5654,32,96,29826322
78.5802,32,96,29926387
78.5147,32,96,30026460
78.235,30,94,30126531
78.5891,30,94,30226595
78.6392,30,94,30326658
78.5948,30,94,30426739
78.6273,30,94,30526816
77.5274,32,97,30626880
78.3448,32,97,30726948
78.5014,32,97,30827014
78.5733,32,97,30927103
78.5938,32,97,31027166
78.183,31,95,31127231
78.6244,31,95,31227297
78.5608,31,95,31327387
78.6937,31,95,31427463
78.7876,31,95,31527526
80.7265,29,95,31627590
80.549,29,95,31727654
80.6163,29,95,31827716
80.6742,29,95,31927799
80.7066,29,95,32027883
80.7037,30,95,32127945
80.4441,30,95,32228005
80.7765,30,95,32328071
80.7945,30,95,32428142
80.7662,30,95,32528209
78.9827,31,96,32628277
80.5852,31,96,32728369
80.7785,31,96,32828416
80.8266,31,96,32928494
80.8344,31,96,33028556
80.7587,31,94,33128635
80.8882,31,94,33228701
80.8595,31,94,33328780
80.8707,31,94,33428856
80.7766,31,94,33528923
80.7797,31,94,33628989
81.0742,30,93,33729056
80.9643,30,93,33829127
80.816,30,93,33929194
80.8075,30,93,34029258
80.8025,30,93,34129325
80.6247,32,95,34229397
80.7402,32,95,34329463
80.7919,32,95,34429557
80.7748,32,95,34529626
80.747,32,95,34629701
80.7149,29,91,34729768
80.8416,29,91,34829835
80.8109,29,91,34929903
80.7317,29,91,35029968
80.7325,29,91,35130030
80.7961,32,95,35230094
81.0429,32,95,35330158
81.3282,32,95,35430228
81.5169,32,95,35530316
82.7816,32,95,35630391
89.0089,30,98,35730436
89.5736,30,98,35830500
90.2999,30,98,35930564
91.3947,30,98,36030633
92.1148,30,98,36130698
91.0208,32,98,36230765
86.69,32,98,36330829
84.5991,32,98,36430890
83.3593,32,98,36530959
82.5593,32,98,36631024
79.5229,40,96,36731090
79.3572,40,96,36831176
79.1553,40,96,36931249
79.0552,40,96,37031310
79.1529,40,96,37131373
79.9488,35,100,37231441
80.071,35,100,37331504
80.3868,35,100,37431568
80.9148,35,100,37531639
81.3394,35,100,37631702
85.3843,37,95,37731764
84.9353,37,95,37831851
83.2567,37,95,37931934
81.8613,37,95,38032001
81.226,37,95,38132066
80.643,40,98,38232131
79.7639,40,98,38332198
78.2299,40,98,38432259
77.2426,40,98,38532322
77.4752,40,98,38632392
69.7739,40,98,38732464
79.9674,40,98,38832533
78.4136,40,98,38932600
78.6301,40,98,39032667
78.9178,40,98,39132732
79.1672,45,97,39232794
80.0147,45,97,39332865
80.8331,45,97,39432928
81.6147,45,97,39532992
82.8424,45,97,39633056
86.2999,39,95,39733123
84.5988,39,95,39833184
82.6856,39,95,39933247
82.0596,39,95,40033310
82.5441,39,95,40133374
82.3113,34,96,40233435
83.1414,34,96,40333497
81.5653,34,96,40433578
80.4241,34,96,40533642
80.7517,34,96,40633702
83.9137,38,97,40733770
82.8188,38,97,40833839
82.7452,38,97,40933901
82.7601,38,97,41033982
81.8073,38,97,41134066
81.2668,36,98,41234129
80.7551,36,98,41334194
80.113,36,98,41434260
80.1611,36,98,41534323
81.0365,36,98,41634393
80.8694,33,94,41734466
80.0761,33,94,41834540
79.7389,33,94,41934605
80.2657,33,94,42034672
80.9674,33,94,42134735
81.6619,39,94,42234810
82.5278,39,94,42334878
80.3168,39,94,42434942
81.3146,39,94,42535009
80.698,39,94,42635073
80.1301,39,94,42735136
77.9684,42,94,42835210
78.4094,42,94,42935283
78.1672,42,94,43035348
78.548,42,94,43135416
79.3278,42,94,43235477
79.6749,36,96,43335540
80.1912,36,96,43435610
81.2497,36,96,43535674
81.7521,36,96,43635735
84.0939,36,96,43735814
91.0818,37,94,43835885
90.8007,37,94,43935956
89.855,37,94,44036034
89.064,37,94,44136093
87.7483,37,94,44236164
82.1366,36,97,44336231
83.4754,36,97,44436298
84.0327,36,97,44536362
84.2794,36,97,44636421
84.9412,36,97,44736488
90.3601,33,96,44836552
90.8981,33,96,44936618
91.4216,33,96,45036695
91.5838,33,96,45136768
74.8617,33,96,45236878
74.8617,33,96,45336981
74.8617,33,96,45437100
74.8617,33,96,45537193
74.8617,33,96,45637264
74.8617,33,96,45737343
74.8617,33,96,45837437
74.8617,33,96,45937524
74.8617,33,96,46037636
74.8617,33,96,46137721
74.8617,33,96,46237801
74.8617,33,96,46337912
74.8617,33,96,46437984
74.8617,33,96,46538065
74.8617,33,96,46638144
16.0365,13,93,46738205
10.6227,13,93,46838286
16.9214,13,93,46938370
17.4322,13,93,47038445
17.4322,13,93,47138512
107.195,17,0,47238579
95.4409,17,0,47338646
91.465,17,0,47438714
89.426,17,0,47538778
88.1716,17,0,47638839
84.4761,35,99,47738901
84.3241,35,99,47838962
84.2577,35,99,47939023
84.296,35,99,48039098
84.3993,35,99,48139161
86.7115,31,98,48239227
84.8551,31,98,48339288
84.8506,31,98,48439355
84.7322,31,98,48539417
84.6814,31,98,48639486
86.6476,33,94,48739561
85.047,33,94,48839633
84.8548,33,94,48939696
84.8838,33,94,49039771
84.8176,33,94,49139835
81.4598,32,97,49239903
84.856,32,97,49339965
84.8932,32,97,49440030
85.1044,32,97,49540092
85.3113,32,97,49640152
86.2292,32,97,49740216
86.447,32,97,49840277
75.8281,32,97,49940355
71.5836,32,97,50040431
78.759,32,97,50140512
140.944,39,96,50240573
132.858,39,96,50340637
117.29,39,96,50440720
119.456,39,96,50540789
126.329,39,96,50640852
129.3,45,97,50740934
138.199,45,97,50841003
138.124,45,97,50941066
137.564,45,97,51041132
137.947,45,97,51141198
137.854,37,95,51241277
138.194,37,95,51341369
138.016,37,95,51441430
137.935,37,95,51541491
137.828,37,95,51641552
137.75,40,97,51741615
137.438,40,97,51841683
137.416,40,97,51941750
131.343,40,97,52041816
119.405,40,97,52141886
112.926,40,97,52241950
84.9708,35,97,52342016
85.3019,35,97,52442099
85.4,35,97,52542168
85.4435,35,97,52642228
85.2176,35,97,52742301
85.4701,35,96,52842369
85.3834,35,96,52942440
85.3545,35,96,53042510
85.3247,35,96,53142574
85.3423,35,96,53242635
85.4523,33,96,53342706
85.311,33,96,53442781
85.2003,33,96,53542860
85.0879,33,96,53642931
84.0403,33,96,53742999
76.6,30,97,53843092
76.8268,30,97,53943165
76.9478,30,97,54043238
77.3539,30,97,54143307
77.6124,30,97,54243369
78.5752,29,95,54343429
78.4186,29,95,54443492
78.6197,29,95,54543571
78.585,29,95,54643638
78.5702,29,95,54743721
78.6504,29,95,54843774
78.6384,29,95,54943838
78.6037,29,95,55043903
78.7442,29,95,55143963
78.6138,29,95,55244026
78.0433,28,98,55344091
78.4323,28,98,55444189
77.2839,28,98,55544253
76.3771,28,98,55644317
76.0144,28,98,55744408
73.8662,30,93,55844475
74.0823,30,93,55944538
77.2251,30,93,56044606
79.2265,30,93,56144671
80.2135,30,93,56244754
83.9166,32,96,56344824
86.2172,32,96,56444901
88.7342,32,96,56544965
93.277,32,96,56645029
96.1854,32,96,56745092
114.734,32,96,56845153
113.692,32,96,56945214
113.944,32,96,57045278
114.173,32,96,57145350
114.281,32,96,57245421
115.033,33,98,57345501
114.595,33,98,57445561
114.696,33,98,57545633
114.59,33,98,57645699
114.511,33,98,57745763
114.758,31,98,57845825
114.351,31,98,57945900
114.346,31,98,58045965
114.203,31,98,58146026
114.325,31,98,58246095
114.09,30,100,58346158
114.217,30,100,58446225
114.117,30,100,58546293
114.212,30,100,58646353
109.37,30,100,58746421
83.3646,32,100,58846489
84.2189,32,100,58946553
84.4092,32,100,59046618
84.7601,32,100,59146683
84.8758,32,100,59246744
84.8644,33,97,59346812
85.139,33,97,59446880
84.9898,33,97,59546948
75.0683,33,97,59647013
63.7766,33,97,59747075
86.783,34,97,59847147
85.8325,34,97,59947210
85.614,34,97,60047270
85.3261,34,97,60147332
85.2062,34,97,60247398
86.1104,34,98,60347471
83.4895,34,98,60447535
87.0558,34,98,60547596
88.4564,34,98,60647662
87.2144,34,98,60747723
87.2144,34,98,60847792
87.2144,34,98,60947855
54.2088,39,97,61047934
54.2088,39,97,61147996
30.3701,39,97,61248060
51.5049,39,97,61348121
62.8733,39,97,61448188
98.4607,34,20,61548253
97.9535,34,20,61648317
97.9375,34,20,61748377
97.9666,34,20,61848441
97.7779,34,20,61948519
96.7586,41,97,62048583
95.4252,41,97,62148646
81.7334,41,97,62248716
90.5885,41,97,62348786
92.9467,41,97,62448851
98.9315,36,98,62548915
97.9968,36,98,62648998
95.4791,36,98,62749059
92.0059,36,98,62849130
96.0887,36,98,62949197
101.215,53,98,63049262
99.9509,53,98,63149349
99.9178,53,98,63249412
99.8558,53,98,63349473
99.7973,53,98,63449533
107.73,51,98,63549601
101.219,51,98,63649663
100.426,51,98,63749731
100.332,51,98,63849799
100.032,51,98,63949864
98.3913,36,100,64049930
99.2942,36,100,64149992
99.3771,36,100,64250064
99.0856,36,100,64350124
99.0127,36,100,64450186
98.3526,34,94,64550250
98.4525,34,94,64650316
98.4446,34,94,64750376
98.4721,34,94,64850463
98.4718,34,94,64950531
98.5222,34,98,65050594
93.4422,34,98,65150654
89.7872,34,98,65250715
88.0853,34,98,65350782
87.226,34,98,65450869
86.8628,32,96,65550934
84.8488,32,96,65650994
84.8935,32,96,65751056
84.8519,32,96,65851118
84.4102,32,96,65951189
84.108,32,96,66051252
82.6388,33,96,66151313
82.8912,33,96,66251380
82.9442,33,96,66351456
82.9245,33,96,66451520
83.1065,33,96,66551587
84.0972,31,97,66651650
84.5474,31,97,66751711
84.2904,31,97,66851772
84.0559,31,97,66951836
83.9713,31,97,67051905
83.0496,31,90,67151966
84.9352,31,90,67252027
87.695,31,90,67352111
88.6888,31,90,67452188
79.5995,31,90,67552273
130.542,37,97,67652340
123.12,37,97,67752400
119.669,37,97,67852466
125.545,37,97,67952531
126.878,37,97,68052600
135.829,41,97,68152671
135.053,41,97,68252736
134.979,41,97,68352802
134.791,41,97,68452868
134.847,41,97,68552935
134.878,33,96,68653001
134.409,33,96,68753065
134.525,33,96,68853131
134.561,33,96,68953220
134.421,33,96,69053288
138.297,34,97,69153353
136.26,34,97,69253422
135.538,34,97,69353486
134.892,34,97,69453554
133.776,34,97,69553616
129.433,35,100,69653683
116.201,35,100,69753752
107.842,35,100,69853819
104.485,35,100,69953880
100.095,35,100,70053940
84.7925,30,100,70154002
84.7918,30,100,70254067
84.7826,30,100,70354183
86.699,30,100,70454246
88.5713,30,100,70554308
95.8298,31,94,70654371
96.5094,31,94,70754433
96.9364,31,94,70854501
96.8489,31,94,70954565
95.7382,31,94,71054632
84.5466,34,98,71154693
81.5906,34,98,71254753
81.3235,34,98,71354814
80.6008,34,98,71454874
80.3394,34,98,71554986
79.4534,37,98,71655050
78.4775,37,98,71755111
78.9487,37,98,71855178
79.4288,37,98,71955248
79.7111,37,98,72055316
91.2929,36,97,72155377
92.1683,36,97,72255441
92.5494,36,97,72355507
92.3172,36,97,72455575
92.3877,36,97,72555639
86.3359,35,98,72655701
85.6965,35,98,72755777
82.7493,35,98,72855839
81.6343,35,98,72955904
81.1022,35,98,73055964
82.0031,38,98,73156043
78.7625,38,98,73256105
76.9402,38,98,73356167
76.8465,38,98,73456232
78.2741,38,98,73556302
80.3277,35,95,73656376
79.5267,35,95,73756439
77.4936,35,95,73856501
76.9588,35,95,73956570
77.3508,35,95,74056632
85.9771,33,95,74156696
85.1665,33,95,74256774
85.2931,33,95,74356836
83.0708,33,95,74456902
82.202,33,95,74556970
84.4024,33,100,74657042
83.6509,33,100,74757086
84.1708,33,100,74857154
84.3395,33,100,74957220
83.973,33,100,75057280
84.2283,34,97,75157343
85.4644,34,97,75257407
85.0425,34,97,75357473
84.6035,34,97,75457539
83.3952,34,97,75557603
82.7569,34,97,75657665
80.1943,35,94,75757728
78.6143,35,94,75857793
79.1039,35,94,75957863
79.9969,35,94,76057934
80.7283,35,94,76158002
87.7424,37,99,76258074
86.7232,37,99,76358138
86.4947,37,99,76458203
85.3392,37,99,76558293
84.452,37,99,76658360
74.5972,41,99,76758424
79.7534,41,99,76858492
80.2027,41,99,76958560
81.463,41,99,77058627
82.2833,41,99,77158690
83.6249,39,97,77258754
82.3316,39,97,77358825
82.223,39,97,77458915
82.1661,39,97,77558977
81.6134,39,97,77659045
79.6698,44,100,77759301
81.742,44,100,77859366
80.8476,44,100,77959438
81.7247,44,100,78059500
83.3397,44,100,78159563
93.6768,48,95,78259629
92.8253,48,95,78359679
90.9994,48,95,78459745
89.7282,48,95,78559822
88.0018,48,95,78659908
83.2397,34,88,78759969
83.9584,34,88,78860031
85.7864,34,88,78960099
87.2743,34,88,79060166
89.7716,34,88,79160228
104.501,33,88,79260291
103.899,33,88,79360352
101.61,33,88,79460445
96.5556,33,88,79560513
92.721,33,88,79660577
78.0884,36,97,79760643
77.3036,36,97,79860703
77.2307,36,97,79960776
77.5055,36,97,80060843
78.0112,36,97,80160907
76.9704,37,97,80260971
77.6197,37,97,80361029
77.323,37,97,80461102
78.0039,37,97,80561170
79.0502,37,97,80661235
88.3314,37,97,80761316
84.8356,37,97,80861384
82.3629,37,97,80961446
80.6662,37,97,81061526
80.2047,37,97,81161589
73.2815,34,100,81261657
71.4318,34,100,81361725
73.0297,34,100,81461785
74.0519,34,100,81561850
75.0346,34,100,81661914
76.5592,36,96,81761977
82.3672,36,96,81862051
82.3324,36,96,81962114
80.5488,36,96,82062183
81.1223,36,96,82162252
83.6827,36,98,82262317
94.6755,36,98,82362380
95.5062,36,98,82462401
93.1096,36,98,82562465
90.3281,36,98,82662529
89.5091,34,90,82762592
90.5551,34,90,82862655
94.4325,34,90,82962724
95.2134,34,90,83062795
95.2134,34,90,83162858
62.1985,34,90,83262924
96.9671,30,100,83362993
91.4106,30,100,83463054
88.2987,30,100,83563128
86.783,30,100,83663202
86.5477,30,100,83763267
93.2053,44,97,83863338
92.8809,44,97,83963410
87.7215,44,97,84063490
85.4148,44,97,84163558
83.8749,44,97,84263626
80.1594,33,97,84363690
79.4681,33,97,84463761
80.3247,33,97,84563824
82.4086,33,97,84663885
82.5912,33,97,84763952
83.2004,37,98,84864020
82.7746,37,98,84964097
81.2708,37,98,85064157
80.88,37,98,85164218
80.7313,37,98,85264279
82.8352,38,98,85364347
81.8182,38,98,85464414
81.5773,38,98,85564482
81.5685,38,98,85664553
81.8711,38,98,85764632
66.8594,34,97,85864704
67.9671,34,97,85964770
71.0846,34,97,86064840
72.3263,34,97,86164910
73.1062,34,97,86264973
73.4767,42,92,86365052
74.053,42,92,86465119
70.5023,42,92,86565186
75.9859,42,92,86665249
76.7685,42,92,86765312
81.7812,44,96,86865373
81.8753,44,96,86965434
82.0774,44,96,87065574
82.9026,44,96,87165636
84.298,44,96,87265703
94.6808,36,96,87365764
93.4604,36,96,87465836
92.5795,36,96,87566012
91.3385,36,96,87666085
90.3112,36,96,87766151
81.8113,34,96,87866241
80.5396,34,96,87966305
80.37,34,96,88066383
81.162,34,96,88166454
82.4042,34,96,88266522
91.391,32,94,88366600
91.659,32,94,88466673
91.979,32,94,88566741
92.0805,32,94,88666803
91.825,32,94,88766865
82.8432,35,97,88866928
83.0439,35,97,88966988
81.5206,35,97,89067048
80.5946,35,97,89167093
80.547,35,97,89267154
80.3181,35,97,89367216
80.3419,35,97,89467277
79.399,35,97,89567345
79.8894,35,97,89667423
80.804,35,97,89767488
85.1245,37,98,89867565
84.5909,37,98,89967638
84.3968,37,98,90067705
83.5479,37,98,90167771
82.6778,37,98,90267838
77.3455,36,98,90367903
76.6525,36,98,90467973
76.1502,36,98,90568039
76.6279,36,98,90668106
77.5878,36,98,90768177
78.3716,35,100,90868254
76.5009,35,100,90968319
75.7687,35,100,91068392
76.3098,35,100,91168692
77.0094,35,100,91268754
77.4209,34,100,91368828
82.5142,34,100,91468892
84.4662,34,100,91568966
84.4344,34,100,91669036
83.754,34,100,91769102
83.7499,32,99,91869171
84.2851,32,99,91969237
83.5808,32,99,92069300
83.2196,32,99,92169370
83.6892,32,99,92269467
83.9607,35,94,92369539
86.2822,35,94,92469616
87.3385,35,94,92569678
86.9623,35,94,92669744
86.4663,35,94,92769824
85.6321,34,95,92869893
82.0378,34,95,92969947
81.4606,34,95,93070019
80.2402,34,95,93170091
80.1698,34,95,93270164
80.5599,34,95,93370231
82.9482,33,95,93470310
81.4899,33,95,93570376
80.7842,33,95,93670434
80.3194,33,95,93770496
80.4691,33,95,93870556
80.2708,39,94,93970635
80.0293,39,94,94070698
79.5361,39,94,94170761
80.0442,39,94,94270828
79.6908,39,94,94370889
77.8826,37,96,94470959
78.6565,37,96,94571022
79.5643,37,96,94671088
79.8892,37,96,94771149
79.9503,37,96,94871216
76.4185,37,96,94971286
78.0436,37,96,95071352
80.6404,37,96,95171434
84.4151,37,96,95271600
85.6988,37,96,95371667
89.9292,36,98,95471741
88.92,36,98,95571815
87.0805,36,98,95671884
85.3229,36,98,95771951
84.7467,36,98,95872032
83.4841,32,100,95972098
83.8449,32,100,96072163
84.5041,32,100,96172226
86.3994,32,100,96272294
87.897,32,100,96372360
95.5216,33,95,96472424
94.7526,33,95,96572498
92.3507,33,95,96672644
89.5581,33,95,96772708
88.4414,33,95,96872774
84.0919,37,95,96972838
91.3695,37,95,97072899
94.1824,37,95,97172959
95.1472,37,95,97273024
92.105,37,95,97373086
86.3987,36,95,97473150
85.688,36,95,97573235
83.1511,36,95,97673298
80.3801,36,95,97773363
79.3043,36,95,97873428
75.4356,39,93,97973497
75.6424,39,93,98073559
75.6862,39,93,98173627
75.6877,39,93,98273694
75.6626,39,93,98373754
76.4779,37,93,98473818
76.6736,37,93,98573900
76.7669,37,93,98673961
77.0772,37,93,98774031
77.2919,37,93,98874104
78.4375,39,98,98974168
77.6036,39,98,99074229
78.4416,39,98,99174293
80.113,39,98,99274368
81.1038,39,98,99374447
85.5139,36,98,99474516
85.5778,36,98,99574582
85.1745,36,98,99674644
85.0288,36,98,99774707
85.0426,36,98,99874774
89.0631,34,100,99974849
89.2299,34,100,100074911
88.2254,34,100,100174974
87.9385,34,100,100275057
87.6422,34,100,100375119
86.915,36,98,100475304
86.7877,36,98,100575373
86.4887,36,98,100675434
87.1245,36,98,100775496
87.5659,36,98,100875557
89.0472,37,98,100975622
89.7417,37,98,101075684
89.4851,37,98,101175759
89.8069,37,98,101275826
90.2169,37,98,101375893
93.4012,34,93,101475962
91.6598,34,93,101576025
91.5818,34,93,101676096
91.4279,34,93,101776176
91.24,34,93,101876257
91.3993,34,97,101976335
91.0092,34,97,102076407
91.0171,34,97,102176487
90.8245,34,97,102276555
90.9345,34,97,102376623
88.3236,33,97,102476690
91.0142,33,97,102576792
90.9814,33,97,102676861
90.9868,33,97,102776951
90.98,33,97,102877018
